242 790
229 777
249 782
270 788
211 756
251 767
292 778
202 736
253 751
304 766
197 719
261 736
326 753
197 704
272 722
347 740
177 672
267 698
358 725
196 671
281 690
366 710
197 655
284 675
371 695
197 638
286 659
376 681
203 626
291 646
380 666
209 613
294 632
380 652
223 601
302 619
381 637
233 593
303 607
373 621
242 585
304 598
367 611
252 577
306 588
361 599
262 568
308 577
355 587
272 560
310 568
349 576
281 552
312 558
343 565
291 544
314 548
337 553
301 536
316 539
331 542
311 527
318 528
325 530
320 520
